关于代码质量：

我写的有NZC的直接递推和去掉无用字段后递归两种。以及KA的直接递归。所有代码按照同样的方法进行代码优化，并且跟sais基本相同。sais本身是NZC的直接递归实现，我的同类代码跟其速度相同，去掉无用字段后递归略快于sais。

在长度为10M的字符集为16的随机串下：

ka:               4.35, 3.80, 3.85, 3.84
sais:             3.53, 3.55, 3.52, 3.53
ka_reduced:       3.29, 3.19, 3.25, 3.25
nzc_reduced:      3.18, 3.16, 3.17, 3.17
ka_reduced_x_nzc: 3.18, 3.18, 3.19, 3.19

长20M：

ka:               9.32, 8.05, 9.33, 9.28
sais:             7.87, 7.87, 7.90, 7.90
ka_reduced:       7.17, 7.00, 7.22, 7.10
nzc_reduced:      6.85, 6.87, 6.83, 6.84
ka_reduced_x_nzc: 6.94, 6.95, 7.01, 6.94

长30M:
ka_reduced:       11.25, 11.21, 11.20
nzc_reduced:      10.74, 10.74, 10.73
ka_reduced_x_nzc: 10.46, 10.44, 10.48
